(kicad_pcb (version 20171130) (host pcbnew 5.0.0-fee4fd1~66~ubuntu18.04.1)

  (general
    (thickness 1.6)
    (drawings 6)
    (tracks 799)
    (zones 0)
    (modules 74)
    (nets 91)
  )

  (page A4)
  (layers
    (0 F.Cu signal)
    (31 B.Cu signal hide)
    (32 B.Adhes user)
    (33 F.Adhes user)
    (34 B.Paste user hide)
    (35 F.Paste user hide)
    (36 B.SilkS user hide)
    (37 F.SilkS user hide)
    (38 B.Mask user hide)
    (39 F.Mask user hide)
    (40 Dwgs.User user)
    (41 Cmts.User user)
    (42 Eco1.User user)
    (43 Eco2.User user)
    (44 Edge.Cuts user)
    (45 Margin user)
    (46 B.CrtYd user hide)
    (47 F.CrtYd user hide)
    (48 B.Fab user)
    (49 F.Fab user hide)
  )

  (setup
    (last_trace_width 0.2)
    (user_trace_width 0.254)
    (user_trace_width 0.4)
    (user_trace_width 0.6)
    (user_trace_width 0.8)
    (trace_clearance 0.2)
    (zone_clearance 0.254)
    (zone_45_only no)
    (trace_min 0.2)
    (segment_width 0.15)
    (edge_width 0.15)
    (via_size 0.5)
    (via_drill 0.3)
    (via_min_size 0.5)
    (via_min_drill 0.3)
    (user_via 0.5 0.3)
    (uvia_size 0.3)
    (uvia_drill 0.1)
    (uvias_allowed no)
    (uvia_min_size 0.2)
    (uvia_min_drill 0.1)
    (pcb_text_width 0.3)
    (pcb_text_size 1.5 1.5)
    (mod_edge_width 0.15)
    (mod_text_size 0.5 0.5)
    (mod_text_width 0.125)
    (pad_size 1.524 1.524)
    (pad_drill 0.762)
    (pad_to_mask_clearance 0.1)
    (aux_axis_origin 0 0)
    (visible_elements FFFEFF7F)
    (pcbplotparams
      (layerselection 0x10000_7ffffffe)
      (usegerberextensions false)
      (usegerberattributes false)
      (usegerberadvancedattributes false)
      (creategerberjobfile false)
      (excludeedgelayer false)
      (linewidth 0.100000)
      (plotframeref false)
      (viasonmask false)
      (mode 1)
      (useauxorigin false)
      (hpglpennumber 1)
      (hpglpenspeed 20)
      (hpglpendiameter 15.000000)
      (psnegative false)
      (psa4output false)
      (plotreference true)
      (plotvalue true)
      (plotinvisibletext false)
      (padsonsilk true)
      (subtractmaskfromsilk false)
      (outputformat 2)
      (mirror true)
      (drillshape 0)
      (scaleselection 1)
      (outputdirectory "gerber/"))
  )

  (net 0 "")
  (net 1 GND)
  (net 2 +3V3)
  (net 3 +1V2)
  (net 4 "Net-(U1-Pad6)")
  (net 5 "Net-(U1-Pad9)")
  (net 6 "Net-(U1-Pad10)")
  (net 7 "Net-(U1-Pad11)")
  (net 8 "Net-(U1-Pad12)")
  (net 9 "Net-(U1-Pad13)")
  (net 10 "Net-(U1-Pad18)")
  (net 11 "Net-(U1-Pad19)")
  (net 12 "Net-(U1-Pad20)")
  (net 13 "Net-(U1-Pad21)")
  (net 14 "Net-(U1-Pad23)")
  (net 15 "Net-(U1-Pad25)")
  (net 16 "Net-(U1-Pad26)")
  (net 17 "Net-(U1-Pad27)")
  (net 18 "Net-(U1-Pad28)")
  (net 19 "Net-(U1-Pad31)")
  (net 20 "Net-(U1-Pad32)")
  (net 21 "Net-(U1-Pad42)")
  (net 22 "Net-(U1-Pad43)")
  (net 23 "Net-(C3-Pad1)")
  (net 24 "Net-(D1-Pad1)")
  (net 25 /CDONE)
  (net 26 /CRESET_B)
  (net 27 /SPI_MISO)
  (net 28 /SPI_SCK)
  (net 29 /SPI_SS)
  (net 30 /SPI_MOSI)
  (net 31 "Net-(JP1-Pad1)")
  (net 32 "Net-(JP1-Pad3)")
  (net 33 POWER_USB)
  (net 34 ARM_NRST)
  (net 35 /USB_D-)
  (net 36 /USB_D+)
  (net 37 "Net-(P1-Pad3)")
  (net 38 "Net-(P1-Pad4)")
  (net 39 "Net-(P1-Pad2)")
  (net 40 "Net-(P2-Pad1)")
  (net 41 "Net-(R8-Pad2)")
  (net 42 "Net-(R8-Pad1)")
  (net 43 /D+)
  (net 44 "Net-(R12-Pad1)")
  (net 45 /D-)
  (net 46 /SWITCH)
  (net 47 "Net-(U4-Pad1)")
  (net 48 "Net-(U4-Pad2)")
  (net 49 "Net-(U4-Pad3)")
  (net 50 "Net-(U4-Pad4)")
  (net 51 "Net-(U4-Pad6)")
  (net 52 "Net-(U4-Pad31)")
  (net 53 "Net-(U4-Pad38)")
  (net 54 "Net-(U4-Pad39)")
  (net 55 "Net-(U4-Pad40)")
  (net 56 "Net-(U4-Pad42)")
  (net 57 "Net-(U4-Pad43)")
  (net 58 "Net-(U4-Pad45)")
  (net 59 "Net-(R11-Pad1)")
  (net 60 /POW_SCK)
  (net 61 /POW_MISO)
  (net 62 /POW_MOSI)
  (net 63 /POW_SS)
  (net 64 /LED_OVERFLOW)
  (net 65 /LED_RUNNING)
  (net 66 /LED_FOUND)
  (net 67 /POW_RESET)
  (net 68 /GSM_PWRKEY)
  (net 69 /GSM_TXD)
  (net 70 /GSM_RXD)
  (net 71 /GSM_SLEEP)
  (net 72 /spare1)
  (net 73 /spare2)
  (net 74 /spare3)
  (net 75 "Net-(R13-Pad1)")
  (net 76 "Net-(D2-Pad2)")
  (net 77 "Net-(C33-Pad2)")
  (net 78 "Net-(U7-Pad4)")
  (net 79 "Net-(C35-Pad1)")
  (net 80 "Net-(U1-Pad39)")
  (net 81 "Net-(U1-Pad40)")
  (net 82 "Net-(U1-Pad41)")
  (net 83 /PLL_HOLD)
  (net 84 "Net-(R20-Pad1)")
  (net 85 /CLK_OUT)
  (net 86 "Net-(D3-Pad1)")
  (net 87 "Net-(D3-Pad2)")
  (net 88 /SWDIO)
  (net 89 /SWCLK)
  (net 90 "Net-(R22-Pad1)")

  (net_class Default "This is the default net class."
    (clearance 0.2)
    (trace_width 0.2)
    (via_dia 0.5)
    (via_drill 0.3)
    (uvia_dia 0.3)
    (uvia_drill 0.1)
    (add_net +1V2)
    (add_net +3V3)
    (add_net /CDONE)
    (add_net /CLK_OUT)
    (add_net /CRESET_B)
    (add_net /D+)
    (add_net /D-)
    (add_net /GSM_PWRKEY)
    (add_net /GSM_RXD)
    (add_net /GSM_SLEEP)
    (add_net /GSM_TXD)
    (add_net /LED_FOUND)
    (add_net /LED_OVERFLOW)
    (add_net /LED_RUNNING)
    (add_net /PLL_HOLD)
    (add_net /POW_MISO)
    (add_net /POW_MOSI)
    (add_net /POW_RESET)
    (add_net /POW_SCK)
    (add_net /POW_SS)
    (add_net /SPI_MISO)
    (add_net /SPI_MOSI)
    (add_net /SPI_SCK)
    (add_net /SPI_SS)
    (add_net /SWCLK)
    (add_net /SWDIO)
    (add_net /SWITCH)
    (add_net /USB_D+)
    (add_net /USB_D-)
    (add_net /spare1)
    (add_net /spare2)
    (add_net /spare3)
    (add_net ARM_NRST)
    (add_net GND)
    (add_net "Net-(C3-Pad1)")
    (add_net "Net-(C33-Pad2)")
    (add_net "Net-(C35-Pad1)")
    (add_net "Net-(D1-Pad1)")
    (add_net "Net-(D2-Pad2)")
    (add_net "Net-(D3-Pad1)")
    (add_net "Net-(D3-Pad2)")
    (add_net "Net-(JP1-Pad1)")
    (add_net "Net-(JP1-Pad3)")
    (add_net "Net-(P1-Pad2)")
    (add_net "Net-(P1-Pad3)")
    (add_net "Net-(P1-Pad4)")
    (add_net "Net-(P2-Pad1)")
    (add_net "Net-(R11-Pad1)")
    (add_net "Net-(R12-Pad1)")
    (add_net "Net-(R13-Pad1)")
    (add_net "Net-(R20-Pad1)")
    (add_net "Net-(R22-Pad1)")
    (add_net "Net-(R8-Pad1)")
    (add_net "Net-(R8-Pad2)")
    (add_net "Net-(U1-Pad10)")
    (add_net "Net-(U1-Pad11)")
    (add_net "Net-(U1-Pad12)")
    (add_net "Net-(U1-Pad13)")
    (add_net "Net-(U1-Pad18)")
    (add_net "Net-(U1-Pad19)")
    (add_net "Net-(U1-Pad20)")
    (add_net "Net-(U1-Pad21)")
    (add_net "Net-(U1-Pad23)")
    (add_net "Net-(U1-Pad25)")
    (add_net "Net-(U1-Pad26)")
    (add_net "Net-(U1-Pad27)")
    (add_net "Net-(U1-Pad28)")
    (add_net "Net-(U1-Pad31)")
    (add_net "Net-(U1-Pad32)")
    (add_net "Net-(U1-Pad39)")
    (add_net "Net-(U1-Pad40)")
    (add_net "Net-(U1-Pad41)")
    (add_net "Net-(U1-Pad42)")
    (add_net "Net-(U1-Pad43)")
    (add_net "Net-(U1-Pad6)")
    (add_net "Net-(U1-Pad9)")
    (add_net "Net-(U4-Pad1)")
    (add_net "Net-(U4-Pad2)")
    (add_net "Net-(U4-Pad3)")
    (add_net "Net-(U4-Pad31)")
    (add_net "Net-(U4-Pad38)")
    (add_net "Net-(U4-Pad39)")
    (add_net "Net-(U4-Pad4)")
    (add_net "Net-(U4-Pad40)")
    (add_net "Net-(U4-Pad42)")
    (add_net "Net-(U4-Pad43)")
    (add_net "Net-(U4-Pad45)")
    (add_net "Net-(U4-Pad6)")
    (add_net "Net-(U7-Pad4)")
    (add_net POWER_USB)
  )

  (module Resistor_SMD:R_0603_1608Metric (layer F.Cu) (tedit 5B301BBD) (tstamp 5BBF4FC7)
    (at 139.4206 85.3693 270)
    (descr "Resistor SMD 0603 (1608 Metric), square (rectangular) end terminal, IPC_7351 nominal, (Body size source: http://www.tortai-tech.com/upload/download/2011102023233369053.pdf), generated with kicad-footprint-generator")
    (tags resistor)
    (path /5BC82AD1)
    (attr smd)
    (fp_text reference R19 (at 0 -1.43 270) (layer F.SilkS)
      (effects (font (size 0.5 0.5) (thickness 0.125)))
    )
    (fp_text value 10k (at -0.1015 0.7874 270) (layer F.Fab)
      (effects (font (size 0.5 0.5) (thickness 0.125)))
    )
    (fp_line (start -0.8 0.4) (end -0.8 -0.4) (layer F.Fab) (width 0.1))
    (fp_line (start -0.8 -0.4) (end 0.8 -0.4) (layer F.Fab) (width 0.1))
    (fp_line (start 0.8 -0.4) (end 0.8 0.4) (layer F.Fab) (width 0.1))
    (fp_line (start 0.8 0.4) (end -0.8 0.4) (layer F.Fab) (width 0.1))
    (fp_line (start -0.162779 -0.51) (end 0.162779 -0.51) (layer F.SilkS) (width 0.12))
    (fp_line (start -0.162779 0.51) (end 0.162779 0.51) (layer F.SilkS) (width 0.12))
    (fp_line (start -1.48 0.73) (end -1.48 -0.73) (layer F.CrtYd) (width 0.05))
    (fp_line (start -1.48 -0.73) (end 1.48 -0.73) (layer F.CrtYd) (width 0.05))
    (fp_line (start 1.48 -0.73) (end 1.48 0.73) (layer F.CrtYd) (width 0.05))
    (fp_line (start 1.48 0.73) (end -1.48 0.73) (layer F.CrtYd) (width 0.05))
    (fp_text user %R (at 0 0 270) (layer F.Fab)
      (effects (font (size 0.4 0.4) (thickness 0.06)))
    )
    (pad 1 smd roundrect (at -0.7875 0 270) (size 0.875 0.95) (layers F.Cu F.Paste F.Mask) (roundrect_rratio 0.25)
      (net 1 GND))
    (pad 2 smd roundrect (at 0.7875 0 270) (size 0.875 0.95) (layers F.Cu F.Paste F.Mask) (roundrect_rratio 0.25)
      (net 83 /PLL_HOLD))
    (model ${KISYS3DMOD}/Resistor_SMD.3dshapes/R_0603_1608Metric.wrl
      (at (xyz 0 0 0))
      (scale (xyz 1 1 1))
      (rotate (xyz 0 0 0))
    )
  )

  (module Resistor_SMD:R_0603_1608Metric (layer F.Cu) (tedit 5B301BBD) (tstamp 5BBD0FC5)
    (at 135.7631 83.7692)
    (descr "Resistor SMD 0603 (1608 Metric), square (rectangular) end terminal, IPC_7351 nominal, (Body size source: http://www.tortai-tech.com/upload/download/2011102023233369053.pdf), generated with kicad-footprint-generator")
    (tags resistor)
    (path /5BBF9524)
    (attr smd)
    (fp_text reference R13 (at -1.9813 -0.3556) (layer F.SilkS)
      (effects (font (size 0.5 0.5) (thickness 0.125)))
    )
    (fp_text value 22 (at 0.1269 0.9652) (layer F.Fab)
      (effects (font (size 0.5 0.5) (thickness 0.125)))
    )
    (fp_line (start -0.8 0.4) (end -0.8 -0.4) (layer F.Fab) (width 0.1))
    (fp_line (start -0.8 -0.4) (end 0.8 -0.4) (layer F.Fab) (width 0.1))
    (fp_line (start 0.8 -0.4) (end 0.8 0.4) (layer F.Fab) (width 0.1))
    (fp_line (start 0.8 0.4) (end -0.8 0.4) (layer F.Fab) (width 0.1))
    (fp_line (start -0.162779 -0.51) (end 0.162779 -0.51) (layer F.SilkS) (width 0.12))
    (fp_line (start -0.162779 0.51) (end 0.162779 0.51) (layer F.SilkS) (width 0.12))
    (fp_line (start -1.48 0.73) (end -1.48 -0.73) (layer F.CrtYd) (width 0.05))
    (fp_line (start -1.48 -0.73) (end 1.48 -0.73) (layer F.CrtYd) (width 0.05))
    (fp_line (start 1.48 -0.73) (end 1.48 0.73) (layer F.CrtYd) (width 0.05))
    (fp_line (start 1.48 0.73) (end -1.48 0.73) (layer F.CrtYd) (width 0.05))
    (fp_text user %R (at 0 0) (layer F.Fab)
      (effects (font (size 0.4 0.4) (thickness 0.06)))
    )
    (pad 1 smd roundrect (at -0.7875 0) (size 0.875 0.95) (layers F.Cu F.Paste F.Mask) (roundrect_rratio 0.25)
      (net 75 "Net-(R13-Pad1)"))
    (pad 2 smd roundrect (at 0.7875 0) (size 0.875 0.95) (layers F.Cu F.Paste F.Mask) (roundrect_rratio 0.25)
      (net 73 /spare2))
    (model ${KISYS3DMOD}/Resistor_SMD.3dshapes/R_0603_1608Metric.wrl
      (at (xyz 0 0 0))
      (scale (xyz 1 1 1))
      (rotate (xyz 0 0 0))
    )
  )

  (module myfootprints:ice40up-QFN-48 (layer F.Cu) (tedit 5BB87E26) (tstamp 5BBA17AC)
    (at 133.6 89)
    (descr "48-Lead Plastic Quad Flat, No Lead Package - 7x7 mm Body [QFN]; see figure 37 of http://www.st.com/resource/en/datasheet/stm32f042k6.pdf")
    (tags "QFN 0.5")
    (path /5BB8BF23)
    (attr smd)
    (fp_text reference U1 (at -3.3488 -4.037) (layer F.SilkS)
      (effects (font (size 0.5 0.5) (thickness 0.125)))
    )
    (fp_text value ice40up5k (at -0.1738 2.313) (layer F.Fab)
      (effects (font (size 0.5 0.5) (thickness 0.125)))
    )
    (fp_line (start 3.5 3.5) (end -3.5 3.5) (layer F.Fab) (width 0.1))
    (fp_line (start -3.5 3.5) (end -3.5 -2.5) (layer F.Fab) (width 0.1))
    (fp_line (start -3.5 -2.5) (end -2.5 -3.5) (layer F.Fab) (width 0.1))
    (fp_line (start -2.5 -3.5) (end 3.5 -3.5) (layer F.Fab) (width 0.1))
    (fp_line (start 3.5 -3.5) (end 3.5 3.5) (layer F.Fab) (width 0.1))
    (fp_line (start -3.9 -3.9) (end -3.9 3.9) (layer F.CrtYd) (width 0.05))
    (fp_line (start -3.9 3.9) (end 3.9 3.9) (layer F.CrtYd) (width 0.05))
    (fp_line (start 3.9 3.9) (end 3.9 -3.9) (layer F.CrtYd) (width 0.05))
    (fp_line (start 3.9 -3.9) (end -3.9 -3.9) (layer F.CrtYd) (width 0.05))
    (fp_line (start 3.16 -3.625) (end 3.625 -3.625) (layer F.SilkS) (width 0.12))
    (fp_line (start 3.625 -3.625) (end 3.625 -3.16) (layer F.SilkS) (width 0.12))
    (fp_line (start -3.16 3.625) (end -3.625 3.625) (layer F.SilkS) (width 0.12))
    (fp_line (start -3.625 3.625) (end -3.625 3.16) (layer F.SilkS) (width 0.12))
    (fp_line (start 3.16 3.625) (end 3.625 3.625) (layer F.SilkS) (width 0.12))
    (fp_line (start 3.625 3.625) (end 3.625 3.16) (layer F.SilkS) (width 0.12))
    (fp_line (start -3.625 -3.625) (end -3.16 -3.625) (layer F.SilkS) (width 0.12))
    (fp_text user %R (at 0 0) (layer F.Fab)
      (effects (font (size 1 1) (thickness 0.15)))
    )
    (pad 1 smd rect (at -3.375 -2.75) (size 0.55 0.3) (layers F.Cu F.Paste F.Mask)
      (net 2 +3V3))
    (pad 2 smd rect (at -3.375 -2.25) (size 0.55 0.3) (layers F.Cu F.Paste F.Mask)
      (net 66 /LED_FOUND))
    (pad 3 smd rect (at -3.375 -1.75) (size 0.55 0.3) (layers F.Cu F.Paste F.Mask)
      (net 64 /LED_OVERFLOW))
    (pad 4 smd rect (at -3.375 -1.25) (size 0.55 0.3) (layers F.Cu F.Paste F.Mask)
      (net 65 /LED_RUNNING))
    (pad 5 smd rect (at -3.375 -0.75) (size 0.55 0.3) (layers F.Cu F.Paste F.Mask)
      (net 3 +1V2))
    (pad 6 smd rect (at -3.375 -0.25) (size 0.55 0.3) (layers F.Cu F.Paste F.Mask)
      (net 4 "Net-(U1-Pad6)"))
    (pad 7 smd rect (at -3.375 0.25) (size 0.55 0.3) (layers F.Cu F.Paste F.Mask)
      (net 25 /CDONE))
    (pad 8 smd rect (at -3.375 0.75) (size 0.55 0.3) (layers F.Cu F.Paste F.Mask)
      (net 26 /CRESET_B))
    (pad 9 smd rect (at -3.375 1.25) (size 0.55 0.3) (layers F.Cu F.Paste F.Mask)
      (net 5 "Net-(U1-Pad9)"))
    (pad 10 smd rect (at -3.375 1.75) (size 0.55 0.3) (layers F.Cu F.Paste F.Mask)
      (net 6 "Net-(U1-Pad10)"))
    (pad 11 smd rect (at -3.375 2.25) (size 0.55 0.3) (layers F.Cu F.Paste F.Mask)
      (net 7 "Net-(U1-Pad11)"))
    (pad 12 smd rect (at -3.375 2.75) (size 0.55 0.3) (layers F.Cu F.Paste F.Mask)
      (net 8 "Net-(U1-Pad12)"))
    (pad 13 smd rect (at -2.75 3.375 90) (size 0.55 0.3) (layers F.Cu F.Paste F.Mask)
      (net 9 "Net-(U1-Pad13)"))
    (pad 14 smd rect (at -2.25 3.375 90) (size 0.55 0.3) (layers F.Cu F.Paste F.Mask)
      (net 27 /SPI_MISO))
    (pad 15 smd rect (at -1.75 3.375 90) (size 0.55 0.3) (layers F.Cu F.Paste F.Mask)
      (net 28 /SPI_SCK))
    (pad 16 smd rect (at -1.25 3.375 90) (size 0.55 0.3) (layers F.Cu F.Paste F.Mask)
      (net 29 /SPI_SS))
    (pad 17 smd rect (at -0.75 3.375 90) (size 0.55 0.3) (layers F.Cu F.Paste F.Mask)
      (net 30 /SPI_MOSI))
    (pad 18 smd rect (at -0.25 3.375 90) (size 0.55 0.3) (layers F.Cu F.Paste F.Mask)
      (net 10 "Net-(U1-Pad18)"))
    (pad 19 smd rect (at 0.25 3.375 90) (size 0.55 0.3) (layers F.Cu F.Paste F.Mask)
      (net 11 "Net-(U1-Pad19)"))
    (pad 20 smd rect (at 0.75 3.375 90) (size 0.55 0.3) (layers F.Cu F.Paste F.Mask)
      (net 12 "Net-(U1-Pad20)"))
    (pad 21 smd rect (at 1.25 3.375 90) (size 0.55 0.3) (layers F.Cu F.Paste F.Mask)
      (net 13 "Net-(U1-Pad21)"))
    (pad 22 smd rect (at 1.75 3.375 90) (size 0.55 0.3) (layers F.Cu F.Paste F.Mask)
      (net 2 +3V3))
    (pad 23 smd rect (at 2.25 3.375 90) (size 0.55 0.3) (layers F.Cu F.Paste F.Mask)
      (net 14 "Net-(U1-Pad23)"))
    (pad 24 smd rect (at 2.75 3.375 90) (size 0.55 0.3) (layers F.Cu F.Paste F.Mask)
      (net 24 "Net-(D1-Pad1)"))
    (pad 25 smd rect (at 3.375 2.75) (size 0.55 0.3) (layers F.Cu F.Paste F.Mask)
      (net 15 "Net-(U1-Pad25)"))
    (pad 26 smd rect (at 3.375 2.25) (size 0.55 0.3) (layers F.Cu F.Paste F.Mask)
      (net 16 "Net-(U1-Pad26)"))
    (pad 27 smd rect (at 3.375 1.75) (size 0.55 0.3) (layers F.Cu F.Paste F.Mask)
      (net 17 "Net-(U1-Pad27)"))
    (pad 28 smd rect (at 3.375 1.25) (size 0.55 0.3) (layers F.Cu F.Paste F.Mask)
      (net 18 "Net-(U1-Pad28)"))
    (pad 29 smd rect (at 3.375 0.75) (size 0.55 0.3) (layers F.Cu F.Paste F.Mask)
      (net 23 "Net-(C3-Pad1)"))
    (pad 30 smd rect (at 3.375 0.25) (size 0.55 0.3) (layers F.Cu F.Paste F.Mask)
      (net 3 +1V2))
    (pad 31 smd rect (at 3.375 -0.25) (size 0.55 0.3) (layers F.Cu F.Paste F.Mask)
      (net 19 "Net-(U1-Pad31)"))
    (pad 32 smd rect (at 3.375 -0.75) (size 0.55 0.3) (layers F.Cu F.Paste F.Mask)
      (net 20 "Net-(U1-Pad32)"))
    (pad 33 smd rect (at 3.375 -1.25) (size 0.55 0.3) (layers F.Cu F.Paste F.Mask)
      (net 2 +3V3))
    (pad 34 smd rect (at 3.375 -1.75) (size 0.55 0.3) (layers F.Cu F.Paste F.Mask)
      (net 83 /PLL_HOLD))
    (pad 35 smd rect (at 3.375 -2.25) (size 0.55 0.3) (layers F.Cu F.Paste F.Mask)
      (net 85 /CLK_OUT))
    (pad 36 smd rect (at 3.375 -2.75) (size 0.55 0.3) (layers F.Cu F.Paste F.Mask)
      (net 72 /spare1))
    (pad 37 smd rect (at 2.75 -3.375 90) (size 0.55 0.3) (layers F.Cu F.Paste F.Mask)
      (net 73 /spare2))
    (pad 38 smd rect (at 2.25 -3.375 90) (size 0.55 0.3) (layers F.Cu F.Paste F.Mask)
      (net 74 /spare3))
    (pad 39 smd rect (at 1.75 -3.375 90) (size 0.55 0.3) (layers F.Cu F.Paste F.Mask)
      (net 80 "Net-(U1-Pad39)"))
    (pad 40 smd rect (at 1.25 -3.375 90) (size 0.55 0.3) (layers F.Cu F.Paste F.Mask)
      (net 81 "Net-(U1-Pad40)"))
    (pad 41 smd rect (at 0.75 -3.375 90) (size 0.55 0.3) (layers F.Cu F.Paste F.Mask)
      (net 82 "Net-(U1-Pad41)"))
    (pad 42 smd rect (at 0.25 -3.375 90) (size 0.55 0.3) (layers F.Cu F.Paste F.Mask)
      (net 21 "Net-(U1-Pad42)"))
    (pad 43 smd rect (at -0.25 -3.375 90) (size 0.55 0.3) (layers F.Cu F.Paste F.Mask)
      (net 22 "Net-(U1-Pad43)"))
    (pad 44 smd rect (at -0.75 -3.375 90) (size 0.55 0.3) (layers F.Cu F.Paste F.Mask)
      (net 60 /POW_SCK))
    (pad 45 smd rect (at -1.25 -3.375 90) (size 0.55 0.3) (layers F.Cu F.Paste F.Mask)
      (net 62 /POW_MOSI))
    (pad 46 smd rect (at -1.75 -3.375 90) (size 0.55 0.3) (layers F.Cu F.Paste F.Mask)
      (net 61 /POW_MISO))
    (pad 47 smd rect (at -2.25 -3.375 90) (size 0.55 0.3) (layers F.Cu F.Paste F.Mask)
      (net 67 /POW_RESET))
    (pad 48 smd rect (at -2.75 -3.375 90) (size 0.55 0.3) (layers F.Cu F.Paste F.Mask)
      (net 63 /POW_SS))
    (pad 49 smd rect (at 0 0) (size 4.8 4.8) (layers F.Cu F.Mask)
      (net 1 GND))
    (pad 49 smd rect (at -1.65 -1.65) (size 1.35 1.35) (layers F.Cu F.Paste F.Mask)
      (net 1 GND))
    (pad 49 smd rect (at 0 -1.65) (size 1.35 1.35) (layers F.Cu F.Paste F.Mask)
      (net 1 GND))
    (pad 49 smd rect (at 1.65 -1.65) (size 1.35 1.35) (layers F.Cu F.Paste F.Mask)
      (net 1 GND))
    (pad 49 smd rect (at -1.65 0) (size 1.35 1.35) (layers F.Cu F.Paste F.Mask)
      (net 1 GND))
    (pad 49 smd rect (at 0 0) (size 1.35 1.35) (layers F.Cu F.Paste F.Mask)
      (net 1 GND))
    (pad 49 smd rect (at 1.65 0) (size 1.35 1.35) (layers F.Cu F.Paste F.Mask)
      (net 1 GND))
    (pad 49 smd rect (at -1.65 1.65) (size 1.35 1.35) (layers F.Cu F.Paste F.Mask)
      (net 1 GND))
    (pad 49 smd rect (at 0 1.65) (size 1.35 1.35) (layers F.Cu F.Paste F.Mask)
      (net 1 GND))
    (pad 49 smd rect (at 1.65 1.65) (size 1.35 1.35) (layers F.Cu F.Paste F.Mask)
      (net 1 GND))
    (model /home/ne23kaj2/btsync/work/kicad/lora1/QFN-48-1EP_7x7mm_P0.5mm_EP5.15x5.15mm.step
      (at (xyz 0 0 0))
      (scale (xyz 1 1 1))
      (rotate (xyz 0 0 0))
    )
  )

  (module Capacitor_SMD:C_0603_1608Metric (layer B.Cu) (tedit 5B301BBE) (tstamp 5BBA1858)
    (at 136.3725 87.681 180)
    (descr "Capacitor SMD 0603 (1608 Metric), square (rectangular) end terminal, IPC_7351 nominal, (Body size source: http://www.tortai-tech.com/upload/download/2011102023233369053.pdf), generated with kicad-footprint-generator")
    (tags capacitor)
    (path /5BB8ECDD)
    (attr smd)
    (fp_text reference C1 (at 0 1.43 180) (layer B.SilkS)
      (effects (font (size 0.5 0.5) (thickness 0.125)) (justify mirror))
    )
    (fp_text value 1µ (at 1.4731 0.051 180) (layer B.Fab)
      (effects (font (size 0.5 0.5) (thickness 0.125)) (justify mirror))
    )
    (fp_text user %R (at 0 0 180) (layer B.Fab)
      (effects (font (size 0.4 0.4) (thickness 0.06)) (justify mirror))
    )
    (fp_line (start 1.48 -0.73) (end -1.48 -0.73) (layer B.CrtYd) (width 0.05))
    (fp_line (start 1.48 0.73) (end 1.48 -0.73) (layer B.CrtYd) (width 0.05))
    (fp_line (start -1.48 0.73) (end 1.48 0.73) (layer B.CrtYd) (width 0.05))
    (fp_line (start -1.48 -0.73) (end -1.48 0.73) (layer B.CrtYd) (width 0.05))
    (fp_line (start -0.162779 -0.51) (end 0.162779 -0.51) (layer B.SilkS) (width 0.12))
    (fp_line (start -0.162779 0.51) (end 0.162779 0.51) (layer B.SilkS) (width 0.12))
    (fp_line (start 0.8 -0.4) (end -0.8 -0.4) (layer B.Fab) (width 0.1))
    (fp_line (start 0.8 0.4) (end 0.8 -0.4) (layer B.Fab) (width 0.1))
    (fp_line (start -0.8 0.4) (end 0.8 0.4) (layer B.Fab) (width 0.1))
    (fp_line (start -0.8 -0.4) (end -0.8 0.4) (layer B.Fab) (width 0.1))
    (pad 2 smd roundrect (at 0.7875 0 180) (size 0.875 0.95) (layers B.Cu B.Paste B.Mask) (roundrect_rratio 0.25)
      (net 1 GND))
    (pad 1 smd roundrect (at -0.7875 0 180) (size 0.875 0.95) (layers B.Cu B.Paste B.Mask) (roundrect_rratio 0.25)
      (net 2 +3V3))
    (model ${KISYS3DMOD}/Capacitor_SMD.3dshapes/C_0603_1608Metric.wrl
      (at (xyz 0 0 0))
      (scale (xyz 1 1 1))
      (rotate (xyz 0 0 0))
    )
  )

  (module Capacitor_SMD:C_0603_1608Metric (layer B.Cu) (tedit 5B301BBE) (tstamp 5BBA1888)
    (at 129.9465 89.408)
    (descr "Capacitor SMD 0603 (1608 Metric), square (rectangular) end terminal, IPC_7351 nominal, (Body size source: http://www.tortai-tech.com/upload/download/2011102023233369053.pdf), generated with kicad-footprint-generator")
    (tags capacitor)
    (path /5BB8C095)
    (attr smd)
    (fp_text reference C2 (at 0 1.43) (layer B.SilkS)
      (effects (font (size 0.5 0.5) (thickness 0.125)) (justify mirror))
    )
    (fp_text value 1µ (at -1.7527 -0.0762) (layer B.Fab)
      (effects (font (size 0.5 0.5) (thickness 0.125)) (justify mirror))
    )
    (fp_line (start -0.8 -0.4) (end -0.8 0.4) (layer B.Fab) (width 0.1))
    (fp_line (start -0.8 0.4) (end 0.8 0.4) (layer B.Fab) (width 0.1))
    (fp_line (start 0.8 0.4) (end 0.8 -0.4) (layer B.Fab) (width 0.1))
    (fp_line (start 0.8 -0.4) (end -0.8 -0.4) (layer B.Fab) (width 0.1))
    (fp_line (start -0.162779 0.51) (end 0.162779 0.51) (layer B.SilkS) (width 0.12))
    (fp_line (start -0.162779 -0.51) (end 0.162779 -0.51) (layer B.SilkS) (width 0.12))
    (fp_line (start -1.48 -0.73) (end -1.48 0.73) (layer B.CrtYd) (width 0.05))
    (fp_line (start -1.48 0.73) (end 1.48 0.73) (layer B.CrtYd) (width 0.05))
    (fp_line (start 1.48 0.73) (end 1.48 -0.73) (layer B.CrtYd) (width 0.05))
    (fp_line (start 1.48 -0.73) (end -1.48 -0.73) (layer B.CrtYd) (width 0.05))
    (fp_text user %R (at 0 0) (layer B.Fab)
      (effects (font (size 0.4 0.4) (thickness 0.06)) (justify mirror))
    )
    (pad 1 smd roundrect (at -0.7875 0) (size 0.875 0.95) (layers B.Cu B.Paste B.Mask) (roundrect_rratio 0.25)
      (net 3 +1V2))
    (pad 2 smd roundrect (at 0.7875 0) (size 0.875 0.95) (layers B.Cu B.Paste B.Mask) (roundrect_rratio 0.25)
      (net 1 GND))
    (model ${KISYS3DMOD}/Capacitor_SMD.3dshapes/C_0603_1608Metric.wrl
      (at (xyz 0 0 0))
      (scale (xyz 1 1 1))
      (rotate (xyz 0 0 0))
    )
  )

  (module Capacitor_SMD:C_0603_1608Metric (layer B.Cu) (tedit 5B301BBE) (tstamp 5BBA1C9C)
    (at 137.3885 90.627 180)
    (descr "Capacitor SMD 0603 (1608 Metric), square (rectangular) end terminal, IPC_7351 nominal, (Body size source: http://www.tortai-tech.com/upload/download/2011102023233369053.pdf), generated with kicad-footprint-generator")
    (tags capacitor)
    (path /5BB8C1DB)
    (attr smd)
    (fp_text reference C3 (at 0 1.43 180) (layer B.SilkS)
      (effects (font (size 0.5 0.5) (thickness 0.125)) (justify mirror))
    )
    (fp_text value 10µ (at 1.6763 -0.1272 180) (layer B.Fab)
      (effects (font (size 0.5 0.5) (thickness 0.125)) (justify mirror))
    )
    (fp_text user %R (at 0 0 180) (layer B.Fab)
      (effects (font (size 0.4 0.4) (thickness 0.06)) (justify mirror))
    )
    (fp_line (start 1.48 -0.73) (end -1.48 -0.73) (layer B.CrtYd) (width 0.05))
    (fp_line (start 1.48 0.73) (end 1.48 -0.73) (layer B.CrtYd) (width 0.05))
    (fp_line (start -1.48 0.73) (end 1.48 0.73) (layer B.CrtYd) (width 0.05))
    (fp_line (start -1.48 -0.73) (end -1.48 0.73) (layer B.CrtYd) (width 0.05))
    (fp_line (start -0.162779 -0.51) (end 0.162779 -0.51) (layer B.SilkS) (width 0.12))
    (fp_line (start -0.162779 0.51) (end 0.162779 0.51) (layer B.SilkS) (width 0.12))
    (fp_line (start 0.8 -0.4) (end -0.8 -0.4) (layer B.Fab) (width 0.1))
    (fp_line (start 0.8 0.4) (end 0.8 -0.4) (layer B.Fab) (width 0.1))
    (fp_line (start -0.8 0.4) (end 0.8 0.4) (layer B.Fab) (width 0.1))
    (fp_line (start -0.8 -0.4) (end -0.8 0.4) (layer B.Fab) (width 0.1))
    (pad 2 smd roundrect (at 0.7875 0 180) (size 0.875 0.95) (layers B.Cu B.Paste B.Mask) (roundrect_rratio 0.25)
      (net 1 GND))
    (pad 1 smd roundrect (at -0.7875 0 180) (size 0.875 0.95) (layers B.Cu B.Paste B.Mask) (roundrect_rratio 0.25)
      (net 23 "Net-(C3-Pad1)"))
    (model ${KISYS3DMOD}/Capacitor_SMD.3dshapes/C_0603_1608Metric.wrl
      (at (xyz 0 0 0))
      (scale (xyz 1 1 1))
      (rotate (xyz 0 0 0))
    )
  )

  (module Capacitor_SMD:C_0603_1608Metric (layer F.Cu) (tedit 5B301BBE) (tstamp 5BBA1CCC)
    (at 138.049 94.488 270)
    (descr "Capacitor SMD 0603 (1608 Metric), square (rectangular) end terminal, IPC_7351 nominal, (Body size source: http://www.tortai-tech.com/upload/download/2011102023233369053.pdf), generated with kicad-footprint-generator")
    (tags capacitor)
    (path /5BB8CDB9)
    (attr smd)
    (fp_text reference C4 (at 0.0254 -1.016 270) (layer F.SilkS)
      (effects (font (size 0.5 0.5) (thickness 0.125)))
    )
    (fp_text value 100n (at 1.9304 0.0508 270) (layer F.Fab)
      (effects (font (size 0.5 0.5) (thickness 0.125)))
    )
    (fp_text user %R (at 0 0 270) (layer F.Fab)
      (effects (font (size 0.4 0.4) (thickness 0.06)))
    )
    (fp_line (start 1.48 0.73) (end -1.48 0.73) (layer F.CrtYd) (width 0.05))
    (fp_line (start 1.48 -0.73) (end 1.48 0.73) (layer F.CrtYd) (width 0.05))
    (fp_line (start -1.48 -0.73) (end 1.48 -0.73) (layer F.CrtYd) (width 0.05))
    (fp_line (start -1.48 0.73) (end -1.48 -0.73) (layer F.CrtYd) (width 0.05))
    (fp_line (start -0.162779 0.51) (end 0.162779 0.51) (layer F.SilkS) (width 0.12))
    (fp_line (start -0.162779 -0.51) (end 0.162779 -0.51) (layer F.SilkS) (width 0.12))
    (fp_line (start 0.8 0.4) (end -0.8 0.4) (layer F.Fab) (width 0.1))
    (fp_line (start 0.8 -0.4) (end 0.8 0.4) (layer F.Fab) (width 0.1))
    (fp_line (start -0.8 -0.4) (end 0.8 -0.4) (layer F.Fab) (width 0.1))
    (fp_line (start -0.8 0.4) (end -0.8 -0.4) (layer F.Fab) (width 0.1))
    (pad 2 smd roundrect (at 0.7875 0 270) (size 0.875 0.95) (layers F.Cu F.Paste F.Mask) (roundrect_rratio 0.25)
      (net 2 +3V3))
    (pad 1 smd roundrect (at -0.7875 0 270) (size 0.875 0.95) (layers F.Cu F.Paste F.Mask) (roundrect_rratio 0.25)
      (net 1 GND))
    (model ${KISYS3DMOD}/Capacitor_SMD.3dshapes/C_0603_1608Metric.wrl
      (at (xyz 0 0 0))
      (scale (xyz 1 1 1))
      (rotate (xyz 0 0 0))
    )
  )

  (module Capacitor_SMD:C_0603_1608Metric (layer B.Cu) (tedit 5B301BBE) (tstamp 5BBA1CFC)
    (at 136.3725 86.233 180)
    (descr "Capacitor SMD 0603 (1608 Metric), square (rectangular) end terminal, IPC_7351 nominal, (Body size source: http://www.tortai-tech.com/upload/download/2011102023233369053.pdf), generated with kicad-footprint-generator")
    (tags capacitor)
    (path /5BB8ECD7)
    (attr smd)
    (fp_text reference C5 (at 0 1.43 180) (layer B.SilkS)
      (effects (font (size 0.5 0.5) (thickness 0.125)) (justify mirror))
    )
    (fp_text value 100n (at 1.8287 -0.0254 180) (layer B.Fab)
      (effects (font (size 0.5 0.5) (thickness 0.125)) (justify mirror))
    )
    (fp_line (start -0.8 -0.4) (end -0.8 0.4) (layer B.Fab) (width 0.1))
    (fp_line (start -0.8 0.4) (end 0.8 0.4) (layer B.Fab) (width 0.1))
    (fp_line (start 0.8 0.4) (end 0.8 -0.4) (layer B.Fab) (width 0.1))
    (fp_line (start 0.8 -0.4) (end -0.8 -0.4) (layer B.Fab) (width 0.1))
    (fp_line (start -0.162779 0.51) (end 0.162779 0.51) (layer B.SilkS) (width 0.12))
    (fp_line (start -0.162779 -0.51) (end 0.162779 -0.51) (layer B.SilkS) (width 0.12))
    (fp_line (start -1.48 -0.73) (end -1.48 0.73) (layer B.CrtYd) (width 0.05))
    (fp_line (start -1.48 0.73) (end 1.48 0.73) (layer B.CrtYd) (width 0.05))
    (fp_line (start 1.48 0.73) (end 1.48 -0.73) (layer B.CrtYd) (width 0.05))
    (fp_line (start 1.48 -0.73) (end -1.48 -0.73) (layer B.CrtYd) (width 0.05))
    (fp_text user %R (at 0 0 180) (layer B.Fab)
      (effects (font (size 0.4 0.4) (thickness 0.06)) (justify mirror))
    )
    (pad 1 smd roundrect (at -0.7875 0 180) (size 0.875 0.95) (layers B.Cu B.Paste B.Mask) (roundrect_rratio 0.25)
      (net 2 +3V3))
    (pad 2 smd roundrect (at 0.7875 0 180) (size 0.875 0.95) (layers B.Cu B.Paste B.Mask) (roundrect_rratio 0.25)
      (net 1 GND))
    (model ${KISYS3DMOD}/Capacitor_SMD.3dshapes/C_0603_1608Metric.wrl
      (at (xyz 0 0 0))
      (scale (xyz 1 1 1))
      (rotate (xyz 0 0 0))
    )
  )

  (module Capacitor_SMD:C_0603_1608Metric (layer B.Cu) (tedit 5B301BBE) (tstamp 5BBA1D5C)
    (at 129.8955 90.805)
    (descr "Capacitor SMD 0603 (1608 Metric), square (rectangular) end terminal, IPC_7351 nominal, (Body size source: http://www.tortai-tech.com/upload/download/2011102023233369053.pdf), generated with kicad-footprint-generator")
    (tags capacitor)
    (path /5BB8C077)
    (attr smd)
    (fp_text reference C6 (at 0 1.43) (layer B.SilkS)
      (effects (font (size 0.5 0.5) (thickness 0.125)) (justify mirror))
    )
    (fp_text value 100n (at -1.8541 -0.0254) (layer B.Fab)
      (effects (font (size 0.5 0.5) (thickness 0.125)) (justify mirror))
    )
    (fp_text user %R (at 0 0) (layer B.Fab)
      (effects (font (size 0.4 0.4) (thickness 0.06)) (justify mirror))
    )
    (fp_line (start 1.48 -0.73) (end -1.48 -0.73) (layer B.CrtYd) (width 0.05))
    (fp_line (start 1.48 0.73) (end 1.48 -0.73) (layer B.CrtYd) (width 0.05))
    (fp_line (start -1.48 0.73) (end 1.48 0.73) (layer B.CrtYd) (width 0.05))
    (fp_line (start -1.48 -0.73) (end -1.48 0.73) (layer B.CrtYd) (width 0.05))
    (fp_line (start -0.162779 -0.51) (end 0.162779 -0.51) (layer B.SilkS) (width 0.12))
    (fp_line (start -0.162779 0.51) (end 0.162779 0.51) (layer B.SilkS) (width 0.12))
    (fp_line (start 0.8 -0.4) (end -0.8 -0.4) (layer B.Fab) (width 0.1))
    (fp_line (start 0.8 0.4) (end 0.8 -0.4) (layer B.Fab) (width 0.1))
    (fp_line (start -0.8 0.4) (end 0.8 0.4) (layer B.Fab) (width 0.1))
    (fp_line (start -0.8 -0.4) (end -0.8 0.4) (layer B.Fab) (width 0.1))
    (pad 2 smd roundrect (at 0.7875 0) (size 0.875 0.95) (layers B.Cu B.Paste B.Mask) (roundrect_rratio 0.25)
      (net 1 GND))
    (pad 1 smd roundrect (at -0.7875 0) (size 0.875 0.95) (layers B.Cu B.Paste B.Mask) (roundrect_rratio 0.25)
      (net 3 +1V2))
    (model ${KISYS3DMOD}/Capacitor_SMD.3dshapes/C_0603_1608Metric.wrl
      (at (xyz 0 0 0))
      (scale (xyz 1 1 1))
      (rotate (xyz 0 0 0))
    )
  )

  (module Capacitor_SMD:C_0603_1608Metric (layer B.Cu) (tedit 5B301BBE) (tstamp 5BD990F0)
    (at 137.3885 92.075 180)
    (descr "Capacitor SMD 0603 (1608 Metric), square (rectangular) end terminal, IPC_7351 nominal, (Body size source: http://www.tortai-tech.com/upload/download/2011102023233369053.pdf), generated with kicad-footprint-generator")
    (tags capacitor)
    (path /5BB8C225)
    (attr smd)
    (fp_text reference C7 (at 0 1.43 180) (layer B.SilkS)
      (effects (font (size 0.5 0.5) (thickness 0.125)) (justify mirror))
    )
    (fp_text value 100n (at -2.0067 0.0254 180) (layer B.Fab)
      (effects (font (size 0.5 0.5) (thickness 0.125)) (justify mirror))
    )
    (fp_line (start -0.8 -0.4) (end -0.8 0.4) (layer B.Fab) (width 0.1))
    (fp_line (start -0.8 0.4) (end 0.8 0.4) (layer B.Fab) (width 0.1))
    (fp_line (start 0.8 0.4) (end 0.8 -0.4) (layer B.Fab) (width 0.1))
    (fp_line (start 0.8 -0.4) (end -0.8 -0.4) (layer B.Fab) (width 0.1))
    (fp_line (start -0.162779 0.51) (end 0.162779 0.51) (layer B.SilkS) (width 0.12))
    (fp_line (start -0.162779 -0.51) (end 0.162779 -0.51) (layer B.SilkS) (width 0.12))
    (fp_line (start -1.48 -0.73) (end -1.48 0.73) (layer B.CrtYd) (width 0.05))
    (fp_line (start -1.48 0.73) (end 1.48 0.73) (layer B.CrtYd) (width 0.05))
    (fp_line (start 1.48 0.73) (end 1.48 -0.73) (layer B.CrtYd) (width 0.05))
    (fp_line (start 1.48 -0.73) (end -1.48 -0.73) (layer B.CrtYd) (width 0.05))
    (fp_text user %R (at 0 0 180) (layer B.Fab)
      (effects (font (size 0.4 0.4) (thickness 0.06)) (justify mirror))
    )
    (pad 1 smd roundrect (at -0.7875 0 180) (size 0.875 0.95) (layers B.Cu B.Paste B.Mask) (roundrect_rratio 0.25)
      (net 23 "Net-(C3-Pad1)"))
    (pad 2 smd roundrect (at 0.7875 0 180) (size 0.875 0.95) (layers B.Cu B.Paste B.Mask) (roundrect_rratio 0.25)
      (net 1 GND))
    (model ${KISYS3DMOD}/Capacitor_SMD.3dshapes/C_0603_1608Metric.wrl
      (at (xyz 0 0 0))
      (scale (xyz 1 1 1))
      (rotate (xyz 0 0 0))
    )
  )

  (module Capacitor_SMD:C_0603_1608Metric (layer B.Cu) (tedit 5B301BBE) (tstamp 5BBA1A9B)
    (at 136.3725 84.836 180)
    (descr "Capacitor SMD 0603 (1608 Metric), square (rectangular) end terminal, IPC_7351 nominal, (Body size source: http://www.tortai-tech.com/upload/download/2011102023233369053.pdf), generated with kicad-footprint-generator")
    (tags capacitor)
    (path /5BB8ECD1)
    (attr smd)
    (fp_text reference C8 (at 0 1.43 180) (layer B.SilkS)
      (effects (font (size 0.5 0.5) (thickness 0.125)) (justify mirror))
    )
    (fp_text value 10n (at 1.6509 0.0762 180) (layer B.Fab)
      (effects (font (size 0.5 0.5) (thickness 0.125)) (justify mirror))
    )
    (fp_line (start -0.8 -0.4) (end -0.8 0.4) (layer B.Fab) (width 0.1))
    (fp_line (start -0.8 0.4) (end 0.8 0.4) (layer B.Fab) (width 0.1))
    (fp_line (start 0.8 0.4) (end 0.8 -0.4) (layer B.Fab) (width 0.1))
    (fp_line (start 0.8 -0.4) (end -0.8 -0.4) (layer B.Fab) (width 0.1))
    (fp_line (start -0.162779 0.51) (end 0.162779 0.51) (layer B.SilkS) (width 0.12))
    (fp_line (start -0.162779 -0.51) (end 0.162779 -0.51) (layer B.SilkS) (width 0.12))
    (fp_line (start -1.48 -0.73) (end -1.48 0.73) (layer B.CrtYd) (width 0.05))
    (fp_line (start -1.48 0.73) (end 1.48 0.73) (layer B.CrtYd) (width 0.05))
    (fp_line (start 1.48 0.73) (end 1.48 -0.73) (layer B.CrtYd) (width 0.05))
    (fp_line (start 1.48 -0.73) (end -1.48 -0.73) (layer B.CrtYd) (width 0.05))
    (fp_text user %R (at 0 0 180) (layer B.Fab)
      (effects (font (size 0.4 0.4) (thickness 0.06)) (justify mirror))
    )
    (pad 1 smd roundrect (at -0.7875 0 180) (size 0.875 0.95) (layers B.Cu B.Paste B.Mask) (roundrect_rratio 0.25)
      (net 2 +3V3))
    (pad 2 smd roundrect (at 0.7875 0 180) (size 0.875 0.95) (layers B.Cu B.Paste B.Mask) (roundrect_rratio 0.25)
      (net 1 GND))
    (model ${KISYS3DMOD}/Capacitor_SMD.3dshapes/C_0603_1608Metric.wrl
      (at (xyz 0 0 0))
      (scale (xyz 1 1 1))
      (rotate (xyz 0 0 0))
    )
  )

  (module Capacitor_SMD:C_0603_1608Metric (layer B.Cu) (tedit 5B301BBE) (tstamp 5BBA1B07)
    (at 129.8955 92.202)
    (descr "Capacitor SMD 0603 (1608 Metric), square (rectangular) end terminal, IPC_7351 nominal, (Body size source: http://www.tortai-tech.com/upload/download/2011102023233369053.pdf), generated with kicad-footprint-generator")
    (tags capacitor)
    (path /5BB8C017)
    (attr smd)
    (fp_text reference C9 (at 0 1.43) (layer B.SilkS)
      (effects (font (size 0.5 0.5) (thickness 0.125)) (justify mirror))
    )
    (fp_text value 10n (at -1.7017 0.0508) (layer B.Fab)
      (effects (font (size 0.5 0.5) (thickness 0.125)) (justify mirror))
    )
    (fp_line (start -0.8 -0.4) (end -0.8 0.4) (layer B.Fab) (width 0.1))
    (fp_line (start -0.8 0.4) (end 0.8 0.4) (layer B.Fab) (width 0.1))
    (fp_line (start 0.8 0.4) (end 0.8 -0.4) (layer B.Fab) (width 0.1))
    (fp_line (start 0.8 -0.4) (end -0.8 -0.4) (layer B.Fab) (width 0.1))
    (fp_line (start -0.162779 0.51) (end 0.162779 0.51) (layer B.SilkS) (width 0.12))
    (fp_line (start -0.162779 -0.51) (end 0.162779 -0.51) (layer B.SilkS) (width 0.12))
    (fp_line (start -1.48 -0.73) (end -1.48 0.73) (layer B.CrtYd) (width 0.05))
    (fp_line (start -1.48 0.73) (end 1.48 0.73) (layer B.CrtYd) (width 0.05))
    (fp_line (start 1.48 0.73) (end 1.48 -0.73) (layer B.CrtYd) (width 0.05))
    (fp_line (start 1.48 -0.73) (end -1.48 -0.73) (layer B.CrtYd) (width 0.05))
    (fp_text user %R (at 0 0) (layer B.Fab)
      (effects (font (size 0.4 0.4) (thickness 0.06)) (justify mirror))
    )
    (pad 1 smd roundrect (at -0.7875 0) (size 0.875 0.95) (layers B.Cu B.Paste B.Mask) (roundrect_rratio 0.25)
      (net 3 +1V2))
    (pad 2 smd roundrect (at 0.7875 0) (size 0.875 0.95) (layers B.Cu B.Paste B.Mask) (roundrect_rratio 0.25)
      (net 1 GND))
    (model ${KISYS3DMOD}/Capacitor_SMD.3dshapes/C_0603_1608Metric.wrl
      (at (xyz 0 0 0))
      (scale (xyz 1 1 1))
      (rotate (xyz 0 0 0))
    )
  )

  (module Capacitor_SMD:C_0603_1608Metric (layer B.Cu) (tedit 5B301BBE) (tstamp 5BBA19D5)
    (at 132.334 92.9895 90)
    (descr "Capacitor SMD 0603 (1608 Metric), square (rectangular) end terminal, IPC_7351 nominal, (Body size source: http://www.tortai-tech.com/upload/download/2011102023233369053.pdf), generated with kicad-footprint-generator")
    (tags capacitor)
    (path /5BB8F605)
    (attr smd)
    (fp_text reference C10 (at 0 1.43 90) (layer B.SilkS)
      (effects (font (size 0.5 0.5) (thickness 0.125)) (justify mirror))
    )
    (fp_text value 1µ (at -1.6001 -0.127 90) (layer B.Fab)
      (effects (font (size 0.5 0.5) (thickness 0.125)) (justify mirror))
    )
    (fp_text user %R (at 0 0 90) (layer B.Fab)
      (effects (font (size 0.4 0.4) (thickness 0.06)) (justify mirror))
    )
    (fp_line (start 1.48 -0.73) (end -1.48 -0.73) (layer B.CrtYd) (width 0.05))
    (fp_line (start 1.48 0.73) (end 1.48 -0.73) (layer B.CrtYd) (width 0.05))
    (fp_line (start -1.48 0.73) (end 1.48 0.73) (layer B.CrtYd) (width 0.05))
    (fp_line (start -1.48 -0.73) (end -1.48 0.73) (layer B.CrtYd) (width 0.05))
    (fp_line (start -0.162779 -0.51) (end 0.162779 -0.51) (layer B.SilkS) (width 0.12))
    (fp_line (start -0.162779 0.51) (end 0.162779 0.51) (layer B.SilkS) (width 0.12))
    (fp_line (start 0.8 -0.4) (end -0.8 -0.4) (layer B.Fab) (width 0.1))
    (fp_line (start 0.8 0.4) (end 0.8 -0.4) (layer B.Fab) (width 0.1))
    (fp_line (start -0.8 0.4) (end 0.8 0.4) (layer B.Fab) (width 0.1))
    (fp_line (start -0.8 -0.4) (end -0.8 0.4) (layer B.Fab) (width 0.1))
    (pad 2 smd roundrect (at 0.7875 0 90) (size 0.875 0.95) (layers B.Cu B.Paste B.Mask) (roundrect_rratio 0.25)
      (net 1 GND))
    (pad 1 smd roundrect (at -0.7875 0 90) (size 0.875 0.95) (layers B.Cu B.Paste B.Mask) (roundrect_rratio 0.25)
      (net 2 +3V3))
    (model ${KISYS3DMOD}/Capacitor_SMD.3dshapes/C_0603_1608Metric.wrl
      (at (xyz 0 0 0))
      (scale (xyz 1 1 1))
      (rotate (xyz 0 0 0))
    )
  )

  (module Capacitor_SMD:C_0603_1608Metric (layer B.Cu) (tedit 5B301BBE) (tstamp 5BBA1966)
    (at 129.921 86.614)
    (descr "Capacitor SMD 0603 (1608 Metric), square (rectangular) end terminal, IPC_7351 nominal, (Body size source: http://www.tortai-tech.com/upload/download/2011102023233369053.pdf), generated with kicad-footprint-generator")
    (tags capacitor)
    (path /5BB8F22A)
    (attr smd)
    (fp_text reference C11 (at 0 1.43) (layer B.SilkS)
